1 0.2921875 0.29765625 0.265625 0.46718750000000003
1 0.19375 0.73203125 0.15937500000000002 0.2171875
1 0.35468750000000004 0.859375 0.125 0.15625
1 0.47578125000000004 0.7546875000000001 0.1796875 0.25625000000000003
1 0.5906250000000001 0.515625 0.27187500000000003 0.25625000000000003
1 0.68515625 0.728125 0.1796875 0.45625000000000004
1 0.8296875 0.6898437500000001 0.1875 0.3671875
1 0.95859375 0.16484375 0.07968750000000001 0.3203125
1 0.6585937500000001 0.2578125 0.24531250000000002 0.325
1 0.4765625 0.1921875 0.21875 0.240625
1 0.91953125 0.49531250000000004 0.1421875 0.16875
1 0.109375 0.390625 0.21250000000000002 0.30312500000000003
