0 0.08533653846153846 0.19230769230769232 0.16586538461538464 0.125
0 0.04567307692307693 0.25240384615384615 0.09134615384615385 0.12980769230769232
0 0.1358173076923077 0.6670673076923077 0.23798076923076925 0.19471153846153846
0 0.24879807692307693 0.811298076923077 0.18509615384615385 0.2043269230769231
0 0.7427884615384616 0.8088942307692308 0.19230769230769232 0.16105769230769232
0 0.5697115384615385 0.8521634615384616 0.125 0.24278846153846156
0 0.4639423076923077 0.8677884615384616 0.1201923076923077 0.2355769230769231
0 0.19951923076923078 0.45072115384615385 0.21153846153846156 0.2043269230769231
0 0.2872596153846154 0.22235576923076925 0.17548076923076925 0.18509615384615385
0 0.3858173076923077 0.27524038461538464 0.18509615384615385 0.12259615384615385
0 0.39903846153846156 0.3389423076923077 0.15384615384615385 0.16826923076923078
0 0.07211538461538462 0.4086538461538462 0.14423076923076925 0.15865384615384617
0 0.5264423076923077 0.5240384615384616 0.20192307692307693 0.11057692307692309
0 0.4795673076923077 0.3112980769230769 0.10336538461538462 0.1514423076923077
0 0.5625 0.2716346153846154 0.09615384615384616 0.125
0 0.6274038461538461 0.296875 0.05288461538461539 0.07451923076923077
0 0.8125 0.31009615384615385 0.15865384615384617 0.10096153846153846
0 0.8557692307692308 0.36899038461538464 0.1826923076923077 0.13701923076923078
0 0.7548076923076924 0.515625 0.25480769230769235 0.1466346153846154
0 0.8449519230769231 0.6165865384615385 0.2139423076923077 0.1466346153846154
0 0.6129807692307693 0.6538461538461539 0.17307692307692307 0.12980769230769232
0 0.5697115384615385 0.4026442307692308 0.16346153846153846 0.11778846153846155
0 0.826923076923077 0.7524038461538461 0.15865384615384617 0.09615384615384616
