0 0.23918269230769232 0.2512019230769231 0.16586538461538464 0.11778846153846155
0 0.6370192307692308 0.18629807692307693 0.22596153846153846 0.12259615384615385
0 0.6310096153846154 0.43149038461538464 0.17067307692307693 0.10336538461538462
0 0.1466346153846154 0.7307692307692308 0.1778846153846154 0.1875
0 0.5757211538461539 0.8197115384615385 0.002403846153846154 0.004807692307692308
0 0.0625 0.4603365384615385 0.11538461538461539 0.17067307692307693
0 0.4555288461538462 0.20793269230769232 0.0889423076923077 0.25240384615384615
0 0.7043269230769231 0.8197115384615385 0.21153846153846156 0.12980769230769232
0 0.3629807692307693 0.4206730769230769 0.15384615384615385 0.13461538461538464
0 0.8701923076923077 0.4375 0.1201923076923077 0.10576923076923078
0 0.9122596153846154 0.6947115384615385 0.09855769230769232 0.25480769230769235
0 0.4242788461538462 0.6766826923076923 0.06490384615384616 0.18509615384615385
0 0.45793269230769235 0.7716346153846154 0.002403846153846154 0.004807692307692308
