1 0.7914062500000001 0.0546875 0.1046875 0.109375
1 0.81640625 0.4625 0.0890625 0.153125
1 0.915625 0.47890625000000003 0.109375 0.1546875
1 0.915625 0.7757812500000001 0.140625 0.1171875
1 0.82578125 0.9125000000000001 0.1046875 0.1375
1 0.6296875000000001 0.7640625000000001 0.07187500000000001 0.1
1 0.8031250000000001 0.6468750000000001 0.06875 0.115625
1 0.7328125000000001 0.6218750000000001 0.084375 0.14375000000000002
1 0.6531250000000001 0.54921875 0.078125 0.13593750000000002
1 0.52578125 0.52265625 0.1015625 0.1390625
1 0.74140625 0.3125 0.0890625 0.14375000000000002
1 0.67109375 0.11171875 0.1046875 0.1484375
1 0.5875 0.1703125 0.096875 0.16875
1 0.503125 0.18281250000000002 0.084375 0.08750000000000001
1 0.465625 0.25859375 0.06875 0.0703125
1 0.3609375 0.5671875000000001 0.11875000000000001 0.24375000000000002
1 0.49062500000000003 0.7312500000000001 0.0625 0.08125
1 0.56015625 0.93125 0.1015625 0.1375
1 0.47187500000000004 0.9203125000000001 0.059375000000000004 0.15937500000000002
1 0.37031250000000004 0.9085937500000001 0.0625 0.1609375
1 0.296875 0.9390625 0.10625000000000001 0.12187500000000001
1 0.22187500000000002 0.696875 0.05625 0.125
1 0.27734375 0.7328125000000001 0.0421875 0.1375
1 0.17265625 0.8226562500000001 0.07968750000000001 0.11093750000000001
1 0.253125 0.49921875000000004 0.065625 0.1921875
1 0.1375 0.5078125 0.09062500000000001 0.15937500000000002
1 0.07265625 0.11640625 0.045312500000000006 0.1421875
1 0.41015625 0.03828125 0.0671875 0.0765625
1 0.5320312500000001 0.021875000000000002 0.060937500000000006 0.043750000000000004
1 0.48046875 0.0671875 0.0734375 0.09375
1 0.025781250000000002 0.7734375 0.051562500000000004 0.146875
1 0.013281250000000001 0.43984375000000003 0.026562500000000003 0.1203125
