3 0.8016826923076924 0.10096153846153846 0.22836538461538464 0.12980769230769232
3 0.2872596153846154 0.14423076923076925 0.34855769230769235 0.1201923076923077
3 0.5961538461538461 0.2956730769230769 0.44711538461538464 0.11538461538461539
3 0.875 0.203125 0.2355769230769231 0.17067307692307693
3 0.8485576923076924 0.3737980769230769 0.23076923076923078 0.19471153846153846
3 0.5072115384615384 0.3774038461538462 0.3317307692307693 0.11538461538461539
3 0.3161057692307693 0.4639423076923077 0.5841346153846154 0.15865384615384617
3 0.7367788461538461 0.5661057692307693 0.5072115384615384 0.24278846153846156
3 0.3341346153846154 0.6622596153846154 0.3076923076923077 0.12259615384615385
3 0.4375 0.7992788461538461 0.3894230769230769 0.2091346153846154
