0 0.5793269230769231 0.47836538461538464 0.16346153846153846 0.17307692307692307
0 0.8509615384615385 0.11899038461538462 0.09134615384615385 0.09375
0 0.16105769230769232 0.13822115384615385 0.06730769230769232 0.06971153846153846
0 0.2980769230769231 0.15985576923076925 0.09615384615384616 0.09855769230769232
0 0.05168269230769231 0.2668269230769231 0.10336538461538462 0.125
0 0.15745192307692307 0.4915865384615385 0.1466346153846154 0.2091346153846154
0 0.25480769230769235 0.9110576923076924 0.17307692307692307 0.16826923076923078
0 0.5264423076923077 0.6935096153846154 0.11057692307692309 0.13221153846153846
0 0.6995192307692308 0.7151442307692308 0.15865384615384617 0.17067307692307693
0 0.8882211538461539 0.764423076923077 0.13221153846153846 0.10576923076923078
0 0.71875 0.4375 0.06730769230769232 0.11057692307692309
0 0.45793269230769235 0.46875 0.10336538461538462 0.1201923076923077
0 0.27403846153846156 0.2932692307692308 0.07211538461538462 0.09615384615384616
0 0.35216346153846156 0.24639423076923078 0.10336538461538462 0.09375
0 0.6586538461538461 0.2451923076923077 0.14423076923076925 0.125
0 0.7848557692307693 0.8197115384615385 0.05528846153846154 0.15384615384615385
0 0.42307692307692313 0.2536057692307692 0.04326923076923077 0.10817307692307693
0 0.4867788461538462 0.15384615384615385 0.07451923076923077 0.12980769230769232
0 0.15504807692307693 0.05168269230769231 0.11778846153846155 0.09375
0 0.7427884615384616 0.3617788461538462 0.07211538461538462 0.06490384615384616
0 0.905048076923077 0.3076923076923077 0.05048076923076923 0.11538461538461539
0 0.6538461538461539 0.028846153846153848 0.08653846153846154 0.057692307692307696
0 0.8725961538461539 0.8846153846153847 0.0 0.0
