0 0.4747596153846154 0.15625 0.18509615384615385 0.08653846153846154
0 0.21514423076923078 0.23076923076923078 0.15625 0.10096153846153846
0 0.7992788461538461 0.11177884615384616 0.19471153846153846 0.09855769230769232
0 0.5697115384615385 0.23798076923076925 0.19711538461538464 0.08653846153846154
0 0.36418269230769235 0.25 0.19471153846153846 0.08653846153846154
0 0.0625 0.3605769230769231 0.08653846153846154 0.06730769230769232
0 0.6033653846153847 0.1310096153846154 0.13942307692307693 0.06971153846153846
0 0.5721153846153847 0.07211538461538462 0.20192307692307693 0.08173076923076923
0 0.7055288461538461 0.2355769230769231 0.29086538461538464 0.10576923076923078
0 0.3786057692307693 0.30649038461538464 0.17548076923076925 0.06490384615384616
0 0.23798076923076925 0.36418269230769235 0.17307692307692307 0.09375
0 0.5853365384615385 0.36778846153846156 0.2620192307692308 0.13942307692307693
0 0.19711538461538464 0.5336538461538461 0.17307692307692307 0.0625
0 0.5552884615384616 0.5084134615384616 0.3028846153846154 0.09375
0 0.7199519230769231 0.39543269230769235 0.28605769230769235 0.08413461538461539
0 0.84375 0.30168269230769235 0.25 0.07932692307692309
0 0.8016826923076924 0.5348557692307693 0.31490384615384615 0.12740384615384617
0 0.4326923076923077 0.6225961538461539 0.2932692307692308 0.11057692307692309
0 0.33774038461538464 0.7043269230769231 0.31009615384615385 0.08653846153846154
0 0.6742788461538461 0.6201923076923077 0.30528846153846156 0.08653846153846154
0 0.8052884615384616 0.6947115384615385 0.2980769230769231 0.11057692307692309
