0 0.7932692307692308 0.22355769230769232 0.14903846153846154 0.10096153846153846
0 0.9447115384615385 0.17307692307692307 0.10576923076923078 0.07692307692307693
0 0.9639423076923077 0.31009615384615385 0.06730769230769232 0.08653846153846154
0 0.8701923076923077 0.35697115384615385 0.14423076923076925 0.09375
0 0.9555288461538463 0.4495192307692308 0.08413461538461539 0.11057692307692309
0 0.8725961538461539 0.5480769230769231 0.19230769230769232 0.1201923076923077
0 0.7560096153846154 0.5096153846153847 0.12740384615384617 0.10096153846153846
0 0.9399038461538463 0.6382211538461539 0.11057692307692309 0.09375
0 0.920673076923077 0.7572115384615385 0.15384615384615385 0.10576923076923078
0 0.7980769230769231 0.8461538461538463 0.13461538461538464 0.08653846153846154
0 0.7932692307692308 0.7608173076923077 0.14903846153846154 0.09375
0 0.6418269230769231 0.7427884615384616 0.1778846153846154 0.11057692307692309
0 0.5817307692307693 0.8305288461538461 0.15865384615384617 0.09375
0 0.4242788461538462 0.780048076923077 0.19951923076923078 0.13701923076923078
0 0.5228365384615384 0.6370192307692308 0.18028846153846154 0.10576923076923078
0 0.639423076923077 0.5540865384615385 0.13942307692307693 0.09375
0 0.576923076923077 0.453125 0.15865384615384617 0.09375
0 0.6538461538461539 0.36778846153846156 0.1826923076923077 0.11057692307692309
0 0.34855769230769235 0.41586538461538464 0.20192307692307693 0.09615384615384616
0 0.1875 0.4411057692307693 0.1826923076923077 0.11778846153846155
0 0.13221153846153846 0.6754807692307693 0.15865384615384617 0.09615384615384616
0 0.2872596153846154 0.6682692307692308 0.18509615384615385 0.11538461538461539
0 0.1826923076923077 0.16826923076923078 0.14903846153846154 0.09134615384615385
0 0.2692307692307693 0.24639423076923078 0.17307692307692307 0.10817307692307693
0 0.4026442307692308 0.15865384615384617 0.1466346153846154 0.08173076923076923
0 0.7608173076923077 0.11658653846153846 0.10336538461538462 0.07451923076923077
0 0.6682692307692308 0.203125 0.10096153846153846 0.07932692307692309
0 0.53125 0.3185096153846154 0.11538461538461539 0.0889423076923077
0 0.5048076923076923 0.23677884615384617 0.11057692307692309 0.07451923076923077
0 0.1670673076923077 0.07091346153846154 0.0889423076923077 0.06009615384615385
0 0.17067307692307693 0.34375 0.16346153846153846 0.10096153846153846
0 0.4254807692307693 0.5252403846153847 0.17307692307692307 0.10336538461538462
0 0.06129807692307693 0.421875 0.11298076923076923 0.08413461538461539
0 0.3822115384615385 0.06370192307692309 0.09134615384615385 0.06490384615384616
