0 0.7211538461538461 0.4362980769230769 0.15384615384615385 0.11778846153846155
0 0.8918269230769231 0.4807692307692308 0.21153846153846156 0.11538461538461539
0 0.9242788461538463 0.75 0.1466346153846154 0.1201923076923077
0 0.7992788461538461 0.7860576923076924 0.29086538461538464 0.15865384615384617
0 0.8689903846153847 0.9026442307692308 0.2572115384615385 0.15625
0 0.47836538461538464 0.7692307692307693 0.20673076923076925 0.1201923076923077
0 0.6670673076923077 0.623798076923077 0.18028846153846154 0.11778846153846155
0 0.6466346153846154 0.5372596153846154 0.15865384615384617 0.07451923076923077
0 0.5012019230769231 0.5576923076923077 0.18990384615384617 0.14903846153846154
0 0.2403846153846154 0.4435096153846154 0.17307692307692307 0.11778846153846155
0 0.11177884615384616 0.5697115384615385 0.18990384615384617 0.1201923076923077
0 0.125 0.6911057692307693 0.20673076923076925 0.13701923076923078
0 0.19951923076923078 0.9170673076923077 0.22596153846153846 0.15625
0 0.2728365384615385 0.6310096153846154 0.19951923076923078 0.12259615384615385
0 0.0733173076923077 0.3449519230769231 0.1466346153846154 0.1514423076923077
