0 0.7271634615384616 0.26802884615384615 0.07932692307692309 0.13701923076923078
0 0.7680288461538461 0.3581730769230769 0.09855769230769232 0.17307692307692307
0 0.7043269230769231 0.5877403846153847 0.10576923076923078 0.14182692307692307
0 0.7163461538461539 0.90625 0.09134615384615385 0.14903846153846154
0 0.49399038461538464 0.8978365384615385 0.07451923076923077 0.14182692307692307
0 0.5661057692307693 0.5901442307692308 0.09375 0.17548076923076925
0 0.6153846153846154 0.25841346153846156 0.07692307692307693 0.12740384615384617
0 0.6694711538461539 0.35216346153846156 0.06971153846153846 0.12259615384615385
0 0.24278846153846156 0.780048076923077 0.09134615384615385 0.11778846153846155
0 0.2824519230769231 0.484375 0.08413461538461539 0.12740384615384617
0 0.32211538461538464 0.5949519230769231 0.08173076923076923 0.14182692307692307
0 0.3930288461538462 0.4867788461538462 0.07932692307692309 0.10817307692307693
0 0.43149038461538464 0.655048076923077 0.09855769230769232 0.12259615384615385
0 0.3786057692307693 0.858173076923077 0.08413461538461539 0.12980769230769232
