0 0.21875 0.19230769230769232 0.2692307692307693 0.2692307692307693
0 0.09855769230769232 0.40024038461538464 0.19711538461538464 0.2139423076923077
0 0.2355769230769231 0.43870192307692313 0.25961538461538464 0.13701923076923078
0 0.5264423076923077 0.28605769230769235 0.22115384615384617 0.16826923076923078
0 0.8004807692307693 0.21634615384615385 0.2355769230769231 0.2692307692307693
0 0.6634615384615385 0.3713942307692308 0.19230769230769232 0.19471153846153846
0 0.9290865384615385 0.39543269230769235 0.13221153846153846 0.19951923076923078
0 0.2620192307692308 0.6971153846153847 0.22115384615384617 0.1826923076923077
0 0.4182692307692308 0.6057692307692308 0.15865384615384617 0.14903846153846154
0 0.4555288461538462 0.44230769230769235 0.2043269230769231 0.20673076923076925
0 0.5084134615384616 0.8185096153846154 0.2139423076923077 0.17548076923076925
0 0.7163461538461539 0.78125 0.20192307692307693 0.21153846153846156
