1 0.60859375 0.7757812500000001 0.07968750000000001 0.1078125
1 0.7203125 0.134375 0.053125000000000006 0.078125
1 0.875 0.5046875000000001 0.1 0.12187500000000001
1 0.81015625 0.6062500000000001 0.060937500000000006 0.059375000000000004
1 0.7914062500000001 0.734375 0.06406250000000001 0.05625
1 0.81171875 0.9500000000000001 0.0578125 0.06875
1 0.8382812500000001 0.78515625 0.0484375 0.060937500000000006
1 0.91171875 0.19375 0.060937500000000006 0.05625
1 0.51953125 0.4578125 0.06406250000000001 0.078125
1 0.26406250000000003 0.13828125 0.0625 0.0921875
1 0.2171875 0.26796875000000003 0.046875 0.0703125
1 0.2515625 0.4421875 0.109375 0.115625
1 0.0625 0.62265625 0.09062500000000001 0.15781250000000002
1 0.034375 0.86640625 0.05 0.0859375
1 0.140625 0.9539062500000001 0.07187500000000001 0.0921875
1 0.2484375 0.95625 0.078125 0.08750000000000001
1 0.20703125 0.8546875 0.0484375 0.125
1 0.2984375 0.8562500000000001 0.05625 0.07187500000000001
1 0.38203125000000004 0.84921875 0.060937500000000006 0.0859375
1 0.33125000000000004 0.6312500000000001 0.07500000000000001 0.065625
1 0.69140625 0.6492187500000001 0.0578125 0.09843750000000001
1 0.7117187500000001 0.9476562500000001 0.08281250000000001 0.1046875
1 0.98203125 0.59765625 0.0328125 0.08281250000000001
1 0.66171875 0.33125000000000004 0.0734375 0.084375
1 0.64765625 0.1859375 0.060937500000000006 0.12812500000000002
1 0.7171875000000001 0.2234375 0.0625 0.09062500000000001
1 0.39765625000000004 0.41484375 0.060937500000000006 0.1328125
1 0.42031250000000003 0.5046875000000001 0.043750000000000004 0.09062500000000001
1 0.4625 0.6492187500000001 0.03125 0.045312500000000006
1 0.6257812500000001 0.58984375 0.051562500000000004 0.060937500000000006
1 0.8601562500000001 0.0765625 0.0390625 0.065625
1 0.9812500000000001 0.34375 0.034375 0.134375
1 0.9812500000000001 0.16796875 0.03125 0.0578125
1 0.09296875 0.08515625 0.045312500000000006 0.0734375
1 0.09453125000000001 0.45859375 0.035937500000000004 0.1171875
1 0.084375 0.8031250000000001 0.05 0.08750000000000001
1 0.20390625 0.6156250000000001 0.029687500000000002 0.109375
1 0.265625 0.70078125 0.037500000000000006 0.0578125
1 0.3015625 0.7585937500000001 0.05 0.045312500000000006
1 0.37343750000000003 0.77265625 0.046875 0.0578125
1 0.509375 0.69453125 0.040625 0.0921875
1 0.5734375 0.6687500000000001 0.040625 0.07187500000000001
1 0.51796875 0.54609375 0.06406250000000001 0.0671875
1 0.39140625 0.95703125 0.0390625 0.060937500000000006
1 0.5546875 0.93515625 0.043750000000000004 0.051562500000000004
1 0.578125 0.1609375 0.06875 0.10312500000000001
1 0.5140625 0.0890625 0.078125 0.125
