1 0.39140625 0.7757812500000001 0.07968750000000001 0.1078125
1 0.27968750000000003 0.134375 0.053125000000000006 0.078125
1 0.125 0.5046875000000001 0.1 0.12187500000000001
1 0.18984375 0.6062500000000001 0.060937500000000006 0.059375000000000004
1 0.20859375000000002 0.734375 0.06406250000000001 0.05625
1 0.18828125 0.9500000000000001 0.0578125 0.06875
1 0.16171875000000002 0.78515625 0.0484375 0.060937500000000006
1 0.08828125 0.19375 0.060937500000000006 0.05625
1 0.48046875 0.4578125 0.06406250000000001 0.078125
1 0.7359375 0.13828125 0.0625 0.0921875
1 0.7828125 0.26796875000000003 0.046875 0.0703125
1 0.75 0.4421875 0.109375 0.115625
1 0.9375 0.62265625 0.09062500000000001 0.15781250000000002
1 0.9656250000000001 0.86640625 0.05 0.0859375
1 0.859375 0.9539062500000001 0.07187500000000001 0.0921875
1 0.753125 0.95625 0.078125 0.08750000000000001
1 0.79453125 0.8546875 0.0484375 0.125
1 0.7015625000000001 0.8562500000000001 0.05625 0.07187500000000001
1 0.6195312500000001 0.84921875 0.060937500000000006 0.0859375
1 0.6703125000000001 0.6312500000000001 0.07500000000000001 0.065625
1 0.30859375 0.6492187500000001 0.0578125 0.09843750000000001
1 0.28828125 0.9476562500000001 0.08281250000000001 0.1046875
1 0.017968750000000002 0.59765625 0.0328125 0.08281250000000001
1 0.33828125000000003 0.33125000000000004 0.0734375 0.084375
1 0.35234375 0.1859375 0.060937500000000006 0.12812500000000002
1 0.2828125 0.2234375 0.0625 0.09062500000000001
1 0.6039062500000001 0.41484375 0.060937500000000006 0.1328125
1 0.5796875 0.5046875000000001 0.043750000000000004 0.09062500000000001
1 0.5375 0.6492187500000001 0.03125 0.045312500000000006
1 0.37578125 0.58984375 0.051562500000000004 0.060937500000000006
1 0.13984375000000002 0.0765625 0.0390625 0.065625
1 0.018750000000000003 0.34375 0.034375 0.134375
1 0.018750000000000003 0.16796875 0.03125 0.0578125
1 0.9085937500000001 0.08515625 0.045312500000000006 0.0734375
1 0.90546875 0.45859375 0.035937500000000004 0.1171875
1 0.9171875 0.8031250000000001 0.05 0.08750000000000001
1 0.79609375 0.6156250000000001 0.029687500000000002 0.109375
1 0.734375 0.70078125 0.037500000000000006 0.0578125
1 0.6984375 0.7585937500000001 0.05 0.045312500000000006
1 0.6265625 0.77265625 0.046875 0.0578125
1 0.49062500000000003 0.69453125 0.040625 0.0921875
1 0.42812500000000003 0.6687500000000001 0.040625 0.07187500000000001
1 0.48203125 0.54609375 0.06406250000000001 0.0671875
1 0.60859375 0.95703125 0.0390625 0.060937500000000006
1 0.4453125 0.93515625 0.043750000000000004 0.051562500000000004
1 0.4234375 0.1609375 0.06875 0.10312500000000001
1 0.4859375 0.0890625 0.078125 0.125
