3 0.12259615384615385 0.7271634615384616 0.21153846153846156 0.13221153846153846
3 0.14423076923076925 0.46153846153846156 0.20673076923076925 0.10096153846153846
3 0.19471153846153846 0.5552884615384616 0.22115384615384617 0.09134615384615385
3 0.27884615384615385 0.6514423076923077 0.2403846153846154 0.125
3 0.35216346153846156 0.8377403846153847 0.2139423076923077 0.09375
3 0.5372596153846154 0.765625 0.16105769230769232 0.12259615384615385
3 0.4326923076923077 0.33774038461538464 0.22115384615384617 0.11298076923076923
3 0.5600961538461539 0.2560096153846154 0.20192307692307693 0.10336538461538462
3 0.45072115384615385 0.4411057692307693 0.18509615384615385 0.11778846153846155
3 0.6274038461538461 0.5204326923076923 0.21634615384615385 0.10336538461538462
3 0.7079326923076924 0.6069711538461539 0.2139423076923077 0.11298076923076923
3 0.6838942307692308 0.38822115384615385 0.18028846153846154 0.10817307692307693
3 0.748798076923077 0.7788461538461539 0.18028846153846154 0.11057692307692309
3 0.8569711538461539 0.7451923076923077 0.17067307692307693 0.1201923076923077
3 0.8870192307692308 0.16826923076923078 0.20192307692307693 0.09615384615384616
3 0.8064903846153847 0.4651442307692308 0.18990384615384617 0.12259615384615385
3 0.9266826923076924 0.5600961538461539 0.14182692307692307 0.09615384615384616
