3 0.24879807692307693 0.17307692307692307 0.31009615384615385 0.13461538461538464
3 0.15504807692307693 0.29086538461538464 0.2764423076923077 0.11538461538461539
3 0.3629807692307693 0.23798076923076925 0.25 0.15384615384615385
3 0.14182692307692307 0.5480769230769231 0.2692307692307693 0.20673076923076925
3 0.15384615384615385 0.608173076923077 0.2932692307692308 0.1201923076923077
3 0.3930288461538462 0.5276442307692308 0.3004807692307693 0.19471153846153846
3 0.22836538461538464 0.7524038461538461 0.2980769230769231 0.2355769230769231
3 0.5 0.7259615384615385 0.27403846153846156 0.25480769230769235
3 0.609375 0.9146634615384616 0.2764423076923077 0.1514423076923077
3 0.6153846153846154 0.764423076923077 0.32211538461538464 0.20192307692307693
3 0.7620192307692308 0.7884615384615385 0.2644230769230769 0.12980769230769232
3 0.733173076923077 0.3605769230769231 0.28365384615384615 0.25
3 0.703125 0.18028846153846154 0.3918269230769231 0.20192307692307693
