3 0.1935096153846154 0.18028846153846154 0.08413461538461539 0.07692307692307693
3 0.09615384615384616 0.3449519230769231 0.0625 0.13701923076923078
3 0.16947115384615385 0.2247596153846154 0.07932692307692309 0.10336538461538462
3 0.24639423076923078 0.3293269230769231 0.09855769230769232 0.10576923076923078
3 0.3557692307692308 0.2295673076923077 0.09615384615384616 0.09375
3 0.4675480769230769 0.14903846153846154 0.1514423076923077 0.10096153846153846
3 0.6262019230769231 0.06610576923076923 0.13221153846153846 0.0889423076923077
3 0.03605769230769231 0.4170673076923077 0.05288461538461539 0.09375
3 0.71875 0.17067307692307693 0.11538461538461539 0.10096153846153846
3 0.46995192307692313 0.390625 0.12740384615384617 0.09375
3 0.5757211538461539 0.34855769230769235 0.13701923076923078 0.13942307692307693
3 0.36899038461538464 0.4675480769230769 0.11778846153846155 0.14182692307692307
3 0.21153846153846156 0.5360576923076923 0.10576923076923078 0.12980769230769232
3 0.24399038461538464 0.6574519230769231 0.10817307692307693 0.1514423076923077
3 0.49399038461538464 0.7067307692307693 0.09855769230769232 0.10576923076923078
3 0.6225961538461539 0.53125 0.14903846153846154 0.13942307692307693
3 0.6899038461538461 0.8004807692307693 0.11057692307692309 0.09615384615384616
3 0.7860576923076924 0.3245192307692308 0.13461538461538464 0.09615384615384616
