0 0.4555288461538462 0.15625 0.09375 0.20673076923076925
0 0.7355769230769231 0.21033653846153846 0.14903846153846154 0.22355769230769232
0 0.9278846153846154 0.35336538461538464 0.13942307692307693 0.20673076923076925
0 0.8762019230769231 0.5012019230769231 0.16105769230769232 0.23317307692307693
0 0.8052884615384616 0.8677884615384616 0.25480769230769235 0.2451923076923077
0 0.8305288461538461 0.670673076923077 0.12259615384615385 0.13942307692307693
0 0.514423076923077 0.7932692307692308 0.11538461538461539 0.32211538461538464
0 0.5180288461538461 0.515625 0.2620192307692308 0.3581730769230769
0 0.6658653846153847 0.5372596153846154 0.13461538461538464 0.23317307692307693
0 0.5240384615384616 0.2872596153846154 0.13942307692307693 0.23317307692307693
0 0.34134615384615385 0.16586538461538464 0.08173076923076923 0.27884615384615385
0 0.23798076923076925 0.16346153846153846 0.04326923076923077 0.1826923076923077
0 0.28966346153846156 0.5721153846153847 0.09855769230769232 0.1826923076923077
0 0.2403846153846154 0.8341346153846154 0.057692307692307696 0.14423076923076925
0 0.21514423076923078 0.7223557692307693 0.04567307692307693 0.11778846153846155
0 0.21033653846153846 0.5853365384615385 0.05048076923076923 0.16586538461538464
0 0.38341346153846156 0.7872596153846154 0.10336538461538462 0.24759615384615385
0 0.0733173076923077 0.4807692307692308 0.05528846153846154 0.19230769230769232
