0 0.47836538461538464 0.4435096153846154 0.13461538461538464 0.12259615384615385
0 0.41947115384615385 0.6009615384615385 0.17548076923076925 0.13461538461538464
0 0.17427884615384617 0.5853365384615385 0.16105769230769232 0.14182692307692307
0 0.48197115384615385 0.7872596153846154 0.18028846153846154 0.14182692307692307
0 0.08173076923076923 0.8653846153846154 0.16346153846153846 0.11057692307692309
0 0.84375 0.8185096153846154 0.19230769230769232 0.11778846153846155
0 0.6478365384615385 0.9423076923076924 0.13701923076923078 0.10096153846153846
0 0.5673076923076923 0.640625 0.11538461538461539 0.12740384615384617
0 0.8485576923076924 0.5168269230769231 0.14903846153846154 0.14903846153846154
0 0.6694711538461539 0.5504807692307693 0.12259615384615385 0.10576923076923078
