0 0.6310096153846154 0.2139423076923077 0.40625 0.25480769230769235
0 0.2956730769230769 0.14182692307692307 0.1875 0.15865384615384617
0 0.6766826923076923 0.10697115384615385 0.2668269230769231 0.19951923076923078
0 0.46274038461538464 0.3245192307692308 0.34855769230769235 0.2451923076923077
0 0.23798076923076925 0.4014423076923077 0.39903846153846156 0.25480769230769235
0 0.7524038461538461 0.5877403846153847 0.4759615384615385 0.2956730769230769
0 0.38461538461538464 0.5240384615384616 0.3269230769230769 0.15384615384615385
0 0.08413461538461539 0.8533653846153847 0.16826923076923078 0.21634615384615385
0 0.3822115384615385 0.811298076923077 0.22596153846153846 0.2572115384615385
0 0.8569711538461539 0.889423076923077 0.28125 0.20673076923076925
